153.844681 1430.521851 5.449429
153.128860 1430.772461 5.500957
153.693085 1430.777100 15.055180
131.109222 1438.526245 9.158030
130.862213 1438.613770 9.219423
130.695938 1438.818359 16.177416
154.166153 1430.409302 5.427435
155.841507 1430.025879 14.951676
155.244614 1430.031860 5.358592
174.755371 1423.278076 7.647902
174.657318 1423.311279 7.603481
176.183121 1422.890137 12.860566
176.235168 1422.871582 12.844145
176.284744 1422.854004 12.828485
174.850616 1423.245850 7.691994
176.331894 1422.837402 12.813553
174.896088 1423.230469 7.713377
176.376862 1422.821289 12.799293
177.362930 1422.405762 9.392754
177.323532 1422.418701 9.356469
178.364792 1422.085205 10.757446
131.740952 1438.302734 9.002775
112.156082 1445.252319 14.775812
111.529984 1445.475098 14.989391
110.042831 1446.004395 15.503422
152.663162 1430.935547 5.536452
152.128418 1431.122925 5.579233
151.342438 1431.599121 15.170217
151.483154 1431.349121 5.633831
151.161194 1431.461914 5.662337
149.212662 1432.145264 5.854175
148.872406 1432.462769 15.291676
148.344284 1432.450073 5.951017
147.953644 1432.587158 5.996987
156.345993 1429.646606 5.295843
157.665253 1429.388306 14.865383
156.804199 1429.486328 5.272359
177.756210 1422.325806 12.104675
177.761337 1422.323975 12.099997
177.031662 1422.514893 9.094000
177.063019 1422.504639 9.121537
177.090515 1422.495605 9.145826
133.762329 1437.587891 8.523941
132.884048 1437.898438 8.728549
132.456482 1438.049683 8.830086
150.224075 1431.790527 5.750358
149.314194 1432.109619 5.843311
177.191025 1422.530884 12.487232
177.202789 1422.526611 12.481302
177.298294 1422.427002 9.333313
177.236298 1422.447510 9.276733
125.992210 1440.338623 10.501995
124.139099 1440.995605 11.022300
104.937508 1447.822876 17.335220
104.945648 1447.822021 17.432138
107.823471 1446.794678 16.289055
109.324898 1446.260010 15.755117
145.662796 1433.392090 6.296187
146.282104 1433.368408 15.418350
146.591873 1433.065674 6.168887
147.483307 1432.752441 6.054342
174.451965 1423.381104 7.513478
176.012177 1422.950928 12.914181
174.556259 1423.345703 7.558689
176.071625 1422.929688 12.895614
176.128616 1422.909424 12.877718
176.419907 1422.806030 12.785539
176.461227 1422.791382 12.772247
176.501022 1422.777100 12.759313
176.979996 1422.606445 12.584150
176.983810 1422.605225 12.582541
178.088348 1422.202148 11.734679
178.094131 1422.199951 11.726618
177.176636 1422.467041 9.222761
177.118958 1422.486206 9.171099
177.008621 1422.522583 9.073868
176.972519 1422.534546 9.042576
176.955551 1422.540039 9.027928
122.253548 1441.664429 11.568562
120.353920 1442.338623 12.135998
119.310654 1442.709106 12.454927
115.964020 1443.898193 13.512269
114.351326 1444.471436 14.039800
113.743050 1444.687744 14.241711
140.951828 1435.050537 7.054120
140.097336 1435.351807 7.209688
143.571106 1434.316406 15.550256
139.792480 1435.459229 7.266447
160.467346 1428.207031 5.168915
159.957397 1428.385010 5.172014
160.630768 1428.351318 14.719516
173.662430 1423.649658 7.200554
172.531357 1424.180054 13.654605
172.717575 1424.114502 13.626963
176.825775 1422.661621 12.645841
176.809052 1422.667480 12.652143
176.790421 1422.674194 12.659118
177.342316 1422.476440 12.405931
177.347610 1422.474609 12.402863
118.431648 1443.021240 12.727618
116.438446 1443.729492 13.359263
144.690781 1433.734009 6.437674
143.669250 1434.093506 6.595090
143.277008 1434.231567 6.657824
142.589767 1434.473511 6.770670
172.162064 1424.162354 6.709769
171.902542 1424.251221 6.634683
129.373947 1439.140503 9.597286
127.746918 1439.716797 10.025009
142.113312 1434.641357 6.851062
141.348648 1434.910645 6.983638
138.841827 1435.794434 7.447630
138.635345 1435.867188 7.487833
137.582413 1436.238770 7.697493
158.795425 1428.790527 5.194306
158.583817 1428.864502 5.200416
159.234421 1428.839600 14.789999
158.110840 1429.029663 5.216122
157.314941 1429.307861 5.248338
169.572769 1425.051514 6.059900
170.634247 1424.846924 13.915673
169.875137 1424.947388 6.124526
170.717224 1424.817749 13.905212
172.914719 1423.904907 6.942198
172.821625 1423.936768 6.912112
176.839081 1422.656738 12.640759
176.861038 1422.649048 12.632296
176.868439 1422.646362 12.629405
177.840988 1422.294556 12.023658
177.845703 1422.292847 12.018934
177.865341 1422.285522 11.998966
177.873093 1422.282715 11.990979
177.877289 1422.281006 11.986613
178.257660 1422.137207 11.452019
178.259155 1422.136719 11.448875
178.261978 1422.135498 11.442915
175.767563 1422.936279 8.172840
175.711227 1422.955200 8.139729
175.239380 1423.114258 7.882252
175.205856 1423.125610 7.865146
175.171082 1423.137451 7.847562
175.121414 1423.154175 7.822692
136.317871 1436.685059 7.959649
135.045944 1437.134399 8.234724
134.029556 1437.493408 8.462772
171.883316 1424.257812 6.629199
171.603119 1424.354004 6.550789
172.335800 1424.248779 13.683334
171.321655 1424.450439 6.474629
172.130951 1424.320801 13.713062
171.038513 1424.547607 6.400645
171.916901 1424.396118 13.743698
171.029297 1424.550781 6.398291
171.693817 1424.474609 13.775095
174.344131 1423.417603 7.467762
175.886154 1422.995605 12.953192
175.950333 1422.972900 12.933389
176.539444 1422.763550 12.746676
176.576599 1422.750244 12.734309
176.612610 1422.737549 12.722164
176.931335 1422.623901 12.604326
176.952927 1422.616211 12.595460
176.966339 1422.611328 12.589887
177.209045 1422.524414 12.478128
177.227020 1422.517944 12.468904
177.244797 1422.511597 12.459636
177.358841 1422.470459 12.396320
177.364136 1422.468506 12.393207
177.375305 1422.464600 12.386576
177.853256 1422.290039 12.011319
177.859436 1422.287720 12.005016
178.191711 1422.162842 11.576160
178.195786 1422.161255 11.569172
178.197647 1422.160645 11.565924
178.211548 1422.155273 11.541337
178.214325 1422.154053 11.536301
178.263672 1422.134888 11.439294
178.266235 1422.133789 11.433765
178.268097 1422.133057 11.429742
178.345520 1422.101807 11.219844
178.347061 1422.101074 11.214197
178.349503 1422.099976 11.205062
178.356842 1422.096924 11.175260
178.358231 1422.096191 11.169210
175.363174 1423.072510 7.946670
175.307480 1423.091309 7.917434
175.286285 1423.098389 7.906422
175.033508 1423.183838 7.779360
174.943283 1423.214355 7.735804
163.320511 1427.213989 5.244181
163.506668 1427.345215 14.555097
164.146530 1427.121338 14.513597
164.531082 1426.793701 5.331114
164.392075 1426.842041 5.319386
164.695007 1426.929199 14.476210
173.630920 1423.660400 7.189006
173.511688 1423.701172 7.145882
173.353012 1423.755249 7.089824
176.897186 1422.636108 12.618080
176.925339 1422.626099 12.606770
177.006546 1422.597046 12.572840
177.032608 1422.587646 12.561501
177.058212 1422.578491 12.550145
178.351028 1422.099365 11.199146
178.353287 1422.098389 11.190191
178.354752 1422.097656 11.184171
178.355682 1422.097290 11.180252
176.271805 1422.767334 8.496568
176.233475 1422.780029 8.470088
176.218307 1422.785156 8.459702
176.072525 1422.833984 8.362427
176.054504 1422.839966 8.350700
159.771881 1428.449707 5.174220
159.404221 1428.577881 5.180135
159.177689 1428.656982 5.184799
162.211349 1427.599609 5.194455
161.810242 1427.739258 5.183205
161.898773 1427.907837 14.650896
164.233749 1426.896973 5.306587
164.034592 1426.966064 5.291313
163.677383 1427.090088 5.266249
170.444672 1424.751587 6.254137
170.172409 1424.845215 6.190866
170.151657 1424.852295 6.186142
173.186066 1423.812256 7.032380
173.009521 1423.872559 6.973281
172.620117 1424.005615 6.848350
172.401794 1424.080322 6.781265
177.764374 1422.322754 12.097210
177.775635 1422.318604 12.086794
177.777496 1422.317993 12.085035
177.886642 1422.277588 11.976838
177.889069 1422.276733 11.974276
177.900696 1422.272461 11.961922
177.926697 1422.262695 11.933714
177.934631 1422.259766 11.924908
177.939835 1422.257812 11.919111
177.945633 1422.255615 11.912584
178.203308 1422.158325 11.556014
178.208878 1422.156250 11.546150
178.270447 1422.132202 11.424586
178.272430 1422.131348 11.420205
178.274597 1422.130493 11.415378
178.376877 1422.087280 11.056602
178.377243 1422.087158 11.053249
178.378738 1422.086304 11.037752
178.379074 1422.086182 11.033967
178.382431 1422.083740 10.973618
178.382523 1422.083496 10.970264
178.382599 1422.083496 10.966092
178.382721 1422.083252 10.958552
178.377533 1422.082520 10.843619
178.377197 1422.082642 10.840342
178.376678 1422.082764 10.835528
178.375839 1422.082886 10.828272
177.429199 1422.384033 9.454235
176.392151 1422.727051 8.581818
176.377182 1422.732178 8.571029
162.962006 1427.338623 5.225003
162.746292 1427.413574 5.214900
163.065079 1427.499756 14.582544
162.594467 1427.466309 5.208447
162.448730 1427.517090 5.202741
161.556107 1427.827637 5.177811
161.388397 1427.886108 5.174980
160.942291 1428.041504 5.170077
165.855591 1426.334717 5.465045
165.154526 1426.768433 14.443472
165.883484 1426.513184 14.388606
170.753143 1424.645508 6.328776
170.591003 1424.701294 6.289139
171.461975 1424.556030 13.807117
170.464798 1424.744629 6.258905
171.221771 1424.640381 13.839587
176.647583 1422.725098 12.710198
176.681564 1422.712891 12.698382
176.714645 1422.701172 12.686685
177.262375 1422.505249 12.450308
177.279785 1422.499023 12.440935
177.296997 1422.492798 12.431502
177.380508 1422.462646 12.383476
177.391708 1422.458496 12.376726
177.396729 1422.456787 12.373671
177.816040 1422.303711 12.048304
177.828583 1422.299072 12.035995
177.831879 1422.297852 12.032747
177.912155 1422.268066 11.949584
177.923477 1422.263916 11.937245
177.952866 1422.252930 11.904388
177.956497 1422.251709 11.900246
177.965805 1422.248169 11.889547
178.276688 1422.129761 11.410698
178.278687 1422.128906 11.406138
178.280838 1422.128052 11.401221
178.379684 1422.085693 11.026427
178.380005 1422.085449 11.022210
178.380249 1422.085327 11.018872
176.913071 1422.554199 8.991599
176.903610 1422.557373 8.983567
176.852676 1422.574219 8.940622
176.555466 1422.672729 8.702934
176.531128 1422.680908 8.684471
176.324768 1422.749512 8.533671
176.297226 1422.758789 8.514299
176.164246 1422.803223 8.423105
176.109650 1422.821533 8.386761
176.007553 1422.855713 8.320480
175.998825 1422.858643 8.314922
175.942612 1422.877441 8.279428
175.909470 1422.888550 8.258790
175.885727 1422.896484 8.244143
175.843689 1422.910645 8.218482
175.827499 1422.916138 8.208677
175.777603 1422.932861 8.178801
166.101685 1426.436768 14.371440
167.705368 1425.695312 5.718470
167.498413 1425.766846 5.686193
170.973511 1424.727783 13.872311
172.894867 1424.052124 13.600275
173.064423 1423.992432 13.574272
173.227264 1423.935181 13.548747
173.595047 1423.805664 13.488427
173.683044 1423.774658 13.473331
173.826019 1423.724365 13.448164
173.890091 1423.701660 13.436615
176.746887 1422.689697 12.675092
176.778351 1422.678467 12.663588
177.083359 1422.569580 12.538761
177.108063 1422.560669 12.527331
177.132339 1422.552002 12.515887
177.314041 1422.486572 12.422010
177.330902 1422.480591 12.412474
177.408035 1422.452637 12.366742
177.412796 1422.450928 12.363807
177.424301 1422.446777 12.356639
178.102112 1422.197021 11.715353
178.110703 1422.193848 11.703044
178.219696 1422.152100 11.526481
178.224960 1422.150024 11.516690
178.230118 1422.147949 11.506915
178.359116 1422.095825 11.165261
178.360199 1422.095337 11.160254
178.376038 1422.087769 11.064127
178.377670 1422.086914 11.049062
178.378403 1422.086426 11.041507
178.381592 1422.084473 10.996252
178.381927 1422.084229 10.988697
178.382217 1422.083984 10.981157
178.382751 1422.083130 10.954648
178.382782 1422.083008 10.951027
178.382782 1422.082886 10.943502
178.375427 1422.083008 10.824860
178.374954 1422.083008 10.821030
178.367386 1422.084595 10.771379
178.366882 1422.084717 10.768517
178.315399 1422.098877 10.583893
178.312271 1422.099731 10.575533
178.352600 1422.088379 10.703012
178.022995 1422.190186 10.080650
178.018799 1422.191406 10.075226
177.693649 1422.297119 9.709805
177.685669 1422.299805 9.701744
177.665802 1422.306152 9.681807
175.705780 1422.957031 8.136556
175.642014 1422.978516 8.099810
175.576065 1423.000732 8.062511
168.385483 1425.460571 5.831972
168.307495 1425.487427 5.818352
168.259964 1425.680176 14.180168
165.719528 1426.381958 5.449459
165.482285 1426.464111 5.423278
173.384216 1423.879883 13.523504
173.535950 1423.826538 13.498410
173.965332 1423.675171 13.422817
174.037415 1423.649780 13.409361
173.691513 1423.639771 7.211268
173.773254 1423.611938 7.241681
174.624954 1423.442383 13.289272
174.094147 1423.502686 7.365644
175.680984 1423.068481 13.015211
174.220810 1423.459595 7.416740
175.751343 1423.043457 12.994200
175.819778 1423.019287 12.973488
177.156204 1422.543457 12.504398
177.179688 1422.534912 12.492866
177.967209 1422.247681 11.887923
177.977768 1422.243652 11.875585
178.282730 1422.127319 11.396870
178.284912 1422.126465 11.391774
178.286697 1422.125732 11.387557
178.381836 1422.082275 10.902584
178.381638 1422.082275 10.898441
178.381332 1422.082275 10.892198
178.380005 1422.082275 10.871410
178.379730 1422.082275 10.867879
178.379074 1422.082397 10.859787
178.378723 1422.082520 10.855854
178.378342 1422.082520 10.851696
178.374023 1422.083252 10.813832
178.373428 1422.083252 10.809422
178.373047 1422.083496 10.806664
178.370926 1422.083862 10.792435
178.370377 1422.083984 10.788918
178.369797 1422.084106 10.785371
178.366119 1422.084961 10.764435
178.010712 1422.194092 10.064899
178.003571 1422.196411 10.055825
177.998337 1422.197998 10.049224
177.646637 1422.312500 9.662687
177.609726 1422.324707 9.626329
177.603180 1422.326782 9.619922
176.480362 1422.697754 8.646429
176.429047 1422.714844 8.608609
166.998108 1426.122559 14.296949
167.851532 1425.823486 14.219597
166.606277 1426.075073 5.558491
166.232010 1426.204590 5.510315
166.016357 1426.279175 5.484000
165.114166 1426.591553 5.385160
164.751083 1426.717529 5.350590
177.428711 1422.445312 12.353868
177.440491 1422.440918 12.346402
177.444489 1422.439453 12.343854
177.790497 1422.313232 12.072831
177.803345 1422.308350 12.060583
177.988174 1422.239746 11.863261
177.991302 1422.238770 11.859536
177.998459 1422.236084 11.850924
178.155289 1422.176758 11.635884
178.159286 1422.175293 11.629566
178.166870 1422.172363 11.617437
178.174316 1422.169434 11.605322
178.288879 1422.124878 11.382357
178.290619 1422.124268 11.378229
178.292786 1422.123291 11.372969
178.361481 1422.094727 11.154279
178.362320 1422.094482 11.150196
178.363007 1422.093994 11.146799
178.380859 1422.082275 10.884076
178.380325 1422.082275 10.875970
178.372009 1422.083618 10.799527
178.368622 1422.084351 10.778353
178.367798 1422.084473 10.773614
177.987717 1422.201538 10.035947
177.971237 1422.206787 10.015607
177.960678 1422.210205 10.002762
177.803284 1422.261353 9.823889
177.780930 1422.268555 9.800076
177.776154 1422.270264 9.795025
176.802567 1422.590698 8.898973
176.753082 1422.607178 8.858442
176.703979 1422.623413 8.818865
175.507767 1423.023682 8.024618
175.436890 1423.047607 7.986024
168.053726 1425.574951 5.775139
167.794327 1425.664551 5.732656
177.456604 1422.435059 12.336045
177.460129 1422.433838 12.333751
177.472656 1422.429321 12.325541
178.003876 1422.234009 11.844337
178.008575 1422.232178 11.838600
178.016342 1422.229248 11.829034
178.119156 1422.190552 11.690751
178.127472 1422.187378 11.678457
178.135635 1422.184326 11.666194
178.181610 1422.166748 11.593238
178.188766 1422.163940 11.581198
178.235199 1422.145996 11.497185
178.240173 1422.144043 11.487469
178.245056 1422.142090 11.477783
178.364471 1422.093384 11.139303
178.365295 1422.093018 11.135056
178.365891 1422.092773 11.131808
178.380753 1422.084961 11.011333
178.381195 1422.084717 11.003792
178.382736 1422.082764 10.935977
178.382614 1422.082642 10.928452
178.382462 1422.082520 10.920942
178.363968 1422.085449 10.753289
178.363388 1422.085571 10.750398
178.285553 1422.107666 10.509700
178.284042 1422.108154 10.506258
178.277298 1422.110107 10.491074
178.274811 1422.110840 10.485575
178.273071 1422.111328 10.481819
178.208191 1422.131348 10.355488
178.205093 1422.132324 10.350048
178.085068 1422.170288 10.163874
178.082886 1422.170898 10.160833
177.553787 1422.343018 9.572074
177.495605 1422.362061 9.516582
168.668396 1425.536987 14.139071
169.310196 1425.311768 14.070958
168.632721 1425.375244 5.876184
169.608841 1425.207031 14.037744
168.951813 1425.265381 5.935729
169.898712 1425.105225 14.004528
169.265076 1425.157349 5.996957
170.179947 1425.006470 13.971344
170.452744 1424.910645 13.938233
167.344223 1425.820068 5.662814
167.202316 1425.869019 5.641773
166.976990 1425.946899 5.609334
174.101364 1423.627197 13.397202
174.184586 1423.597900 13.381079
174.234528 1423.580322 13.371229
178.143677 1422.181152 11.653959
178.151550 1422.178223 11.641741
178.249847 1422.140381 11.468127
178.254547 1422.138428 11.458487
178.373169 1422.089355 11.086732
178.374191 1422.088745 11.079207
178.375137 1422.088257 11.071667
178.382248 1422.082397 10.913431
178.381973 1422.082275 10.905936
178.361923 1422.085938 10.743276
178.360825 1422.086182 10.738119
178.360382 1422.086426 10.736078
178.322159 1422.096924 10.602638
178.318832 1422.097778 10.593310
178.281448 1422.108887 10.500372
178.279495 1422.109497 10.495975
178.227768 1422.125244 10.390952
178.225174 1422.126099 10.386124
177.752197 1422.277954 9.769901
177.720703 1422.288330 9.737358
176.654892 1422.639648 8.779913
176.605392 1422.656128 8.741274
174.331589 1423.546021 13.351694
174.365173 1423.534180 13.344810
174.478378 1423.494141 13.321116
177.475647 1422.428223 12.323573
177.488617 1422.423584 12.314916
177.491028 1422.422607 12.313307
178.294464 1422.122681 11.368855
178.296585 1422.121826 11.363610
178.298248 1422.121094 11.359453
178.356277 1422.087402 10.718018
178.355316 1422.087646 10.714039
178.353485 1422.088135 10.706529
178.293549 1422.105225 10.528445
178.292740 1422.105469 10.526524
178.269958 1422.112305 10.475069
178.264969 1422.113892 10.464445
178.259811 1422.115479 10.453686
178.254486 1422.117065 10.442793
178.251114 1422.118164 10.435984
178.248993 1422.118774 10.431767
178.246536 1422.119507 10.426924
178.243332 1422.120483 10.420606
178.182800 1422.139282 10.312051
178.174820 1422.141846 10.298893
178.358765 1422.086670 10.728806
178.357086 1422.087158 10.721460
178.328476 1422.094971 10.621086
178.326233 1422.095703 10.614425
178.289581 1422.106445 10.519057
178.288467 1422.106812 10.516435
178.218704 1422.128052 10.374292
178.212021 1422.130127 10.362267
178.073120 1422.174072 10.147318
178.071121 1422.174683 10.144591
178.060822 1422.177979 10.130569
177.954071 1422.212402 9.994775
177.936172 1422.218140 9.973392
177.917435 1422.224243 9.951383
174.493729 1423.488770 13.317853
174.620590 1423.443970 13.290241
177.727341 1422.336426 12.130589
177.732483 1422.334473 12.126028
178.018555 1422.228516 11.826277
178.028397 1422.224731 11.813938
178.038101 1422.221191 11.801616
178.300293 1422.120361 11.354267
178.301971 1422.119629 11.350020
178.303940 1422.118896 11.344969
178.369797 1422.090820 11.109293
178.370987 1422.090332 11.101782
178.372101 1422.089844 11.094257
178.325363 1422.095947 10.611892
178.322891 1422.096680 10.604754
178.237473 1422.122314 10.409266
178.231415 1422.124146 10.397792
178.106018 1422.163574 10.193602
178.096695 1422.166504 10.180250
178.094513 1422.167236 10.177165
178.047104 1422.182373 10.112196
178.033310 1422.186768 10.094047
177.741791 1422.331055 12.117728
177.746948 1422.329102 12.113079
178.305634 1422.118164 11.340559
178.307480 1422.117432 11.335701
178.309219 1422.116699 11.331066
178.334396 1422.093262 10.639220
178.332687 1422.093750 10.633901
178.300919 1422.103027 10.546387
178.296890 1422.104248 10.536491
178.197922 1422.134521 10.337621
178.190506 1422.136963 10.324955
178.166565 1422.144409 10.285542
178.161530 1422.145996 10.277480
178.158051 1422.147095 10.271981
177.698349 1422.347046 12.155771
177.703247 1422.345215 12.151569
178.331482 1422.094238 10.630190
178.329498 1422.094727 10.624141
178.134216 1422.154541 10.235190
178.129730 1422.156006 10.228425
177.897797 1422.230591 9.928658
177.877136 1422.237305 9.905145
177.855316 1422.244385 9.880692
174.746262 1423.399536 13.261840
173.915237 1423.563477 7.295594
173.829773 1423.592651 7.262975
177.712860 1422.341675 12.143270
177.717911 1422.339844 12.138859
178.047653 1422.217529 11.789292
178.057068 1422.214111 11.776954
178.066360 1422.210449 11.764630
178.310944 1422.115967 11.326462
178.312744 1422.115234 11.321545
178.314316 1422.114746 11.317268
178.367264 1422.092163 11.124313
178.368561 1422.091553 11.116802
178.308609 1422.100830 10.565907
178.304825 1422.101929 10.556191
178.149261 1422.149902 10.258198
178.140152 1422.152832 10.244205
178.119019 1422.159424 10.212526
178.108002 1422.162964 10.196463
177.832153 1422.251953 9.855181
177.807465 1422.260010 9.828388
173.963898 1423.546875 7.314399
175.504868 1423.130981 13.066471
175.637527 1423.083984 13.028055
177.669235 1422.357666 12.180239
177.673660 1422.356201 12.176558
178.075500 1422.207031 11.752308
178.084503 1422.203613 11.739985
178.316208 1422.113892 11.312008
178.317596 1422.113281 11.308104
178.319611 1422.112549 11.302426
177.683807 1422.352295 12.168095
177.688492 1422.350586 12.164131
174.871399 1423.355225 13.232470
174.996750 1423.310913 13.201907
175.122528 1423.266357 13.170123
177.639984 1422.368408 12.204006
177.643707 1422.366943 12.201026
178.320801 1422.112061 11.298985
178.322922 1422.111084 11.292815
178.323914 1422.110718 11.289909
178.335800 1422.093018 10.643676
178.351562 1422.088623 10.698915
178.337204 1422.092529 10.648191
178.349548 1422.089111 10.691225
178.347458 1422.089722 10.683433
175.248871 1423.221680 13.137043
175.376099 1423.176514 13.102561
175.426102 1423.158936 13.088688
177.654617 1422.363037 12.192204
177.658722 1422.361572 12.188867
178.326172 1422.109863 11.283175
178.326935 1422.109497 11.280879
178.329865 1422.108154 11.271924
178.345032 1422.090332 10.674715
178.342514 1422.091064 10.665938
178.339905 1422.091797 10.657102
177.610626 1422.379150 12.227074
177.613388 1422.378174 12.224928
178.341339 1422.103516 11.234567
178.343109 1422.102783 11.228427
178.344147 1422.102295 11.224762
177.504501 1422.417725 12.304157
177.506287 1422.417114 12.302935
177.521439 1422.411621 12.292475
177.625320 1422.373779 12.215630
177.628586 1422.372559 12.213051
178.332718 1422.107178 11.263028
178.335464 1422.105957 11.254236
177.536484 1422.406128 12.281910
177.551453 1422.400635 12.271225
177.566330 1422.395264 12.260407
177.581146 1422.389893 12.249454
177.582718 1422.389404 12.248278
177.595901 1422.384521 12.238354
177.598099 1422.383789 12.236685
178.338104 1422.104858 11.245534
178.340652 1422.103760 11.236936
61.832645 1144.906738 9.171456
63.185551 1144.432617 9.052545
62.584644 1144.886475 20.651474
64.848610 1144.094849 20.540596
67.274513 1143.000977 8.761883
68.743263 1142.733154 20.353361
66.897537 1143.132812 8.784816
66.896141 1143.378906 20.441427
65.901604 1143.481445 8.848950
64.032242 1144.135986 8.984282
64.540169 1143.958008 8.945480
65.464066 1143.634521 8.878813
92.815353 1134.286377 17.771214
92.766075 1134.303955 17.786934
91.027931 1134.780518 11.647404
6.205633 1164.599854 23.400099
6.195769 1164.600830 23.282661
7.577449 1164.108643 22.779554
90.913658 1134.819336 11.593431
67.899483 1142.782349 8.725420
69.268082 1142.303711 8.653686
70.408310 1142.151001 20.274670
59.036407 1145.887695 9.459362
59.607944 1145.687012 9.395615
60.240559 1145.706177 20.766779
60.690041 1145.307495 9.281933
61.174252 1145.137695 9.233952
93.195221 1134.151367 17.643541
93.184990 1134.155029 17.647207
95.192551 1133.413696 15.682310
27.722174 1157.076416 22.351608
10.953285 1162.906128 21.565453
11.512645 1162.706909 21.367804
13.438358 1162.021484 20.696476
14.184877 1161.755737 20.439863
16.098156 1161.075073 19.790932
52.841187 1148.065552 10.313675
53.363701 1147.881592 10.230824
93.622025 1133.912109 13.347178
93.634598 1133.907837 13.358310
91.251022 1134.705078 11.756197
93.038254 1134.207275 17.698139
91.140373 1134.742554 11.701658
93.012253 1134.216553 17.706886
92.996361 1134.222168 17.712191
92.714828 1134.322266 17.803207
92.661354 1134.341187 17.820120
90.797501 1134.858643 11.539742
92.605461 1134.361084 17.837778
90.733223 1134.880371 11.510507
92.547104 1134.381836 17.856195
90.611130 1134.921875 11.455923
92.486259 1134.403320 17.875374
90.554359 1134.941162 11.430949
92.422905 1134.425903 17.895267
90.485092 1134.964600 11.400819
28.157042 1156.791260 16.008823
30.434669 1155.983398 15.357674
31.792477 1155.502075 14.979273
32.635345 1155.203369 14.748171
42.246849 1151.802002 12.350991
41.451054 1152.083252 12.530550
40.655235 1152.364502 12.713820
56.904182 1146.636597 9.720445
56.423042 1146.805664 9.784355
55.486000 1147.135010 9.913862
16.866796 1160.801636 19.533768
18.699282 1160.150024 18.929079
21.177866 1159.269043 18.130630
93.837097 1133.841064 13.540447
93.910164 1133.817139 13.607323
91.308525 1134.685669 11.785001
93.157425 1134.164795 17.656998
34.701584 1154.471313 14.194399
35.915531 1154.041504 13.877958
36.597485 1153.800049 13.703272
37.336449 1153.538452 13.516590
39.024250 1152.941284 13.100803
40.062859 1152.573975 12.852624
54.094505 1147.624512 10.118097
55.285637 1147.205566 9.942398
57.513451 1146.422485 9.642124
58.562824 1146.053955 9.514168
23.549744 1158.426514 17.388226
25.862299 1157.605469 16.685471
93.551201 1133.935303 13.284937
94.558868 1133.604370 14.246017
94.563255 1133.602905 14.250904
93.118713 1134.178589 17.670572
93.079010 1134.192627 17.684265
92.953239 1134.237549 17.726480
92.908775 1134.253174 17.741055
92.862869 1134.269531 17.755939
89.448723 1135.477905 18.612354
89.398613 1135.495605 18.620909
88.163193 1135.756348 10.557339
42.842182 1151.591675 12.219071
43.817013 1151.247314 12.007534
44.236176 1151.099365 11.918291
93.372162 1134.088257 17.577290
93.356506 1134.093872 17.583385
94.978996 1133.500854 16.286404
86.937988 1136.176025 10.200694
88.006653 1135.985352 18.837452
86.642647 1136.277344 10.120958
87.858391 1136.037598 18.859179
86.618774 1136.285400 10.114625
87.706902 1136.090820 18.881203
86.300247 1136.394775 10.031507
87.552139 1136.145264 18.903524
86.289291 1136.398438 10.028690
87.394104 1136.200928 18.926100
85.982323 1136.503906 9.951308
93.693176 1133.888550 13.410464
93.764816 1133.864990 13.474867
94.585045 1133.595825 14.275297
94.595245 1133.592529 14.286831
94.609863 1133.587769 14.303505
94.633469 1133.580078 14.330745
94.642593 1133.577148 14.341384
93.338234 1134.100342 17.590448
93.313766 1134.109131 17.599806
94.981224 1133.500000 16.282499
51.247383 1148.626709 10.577395
51.514847 1148.532593 10.532007
52.657593 1148.130127 10.343208
91.646141 1134.571655 11.961177
91.719803 1134.546875 12.001350
94.309639 1133.685791 13.985783
94.331772 1133.678467 14.007836
94.356293 1133.670532 14.032454
94.655998 1133.572754 14.357164
94.658195 1133.572021 14.359757
94.677559 1133.565918 14.382854
94.689117 1133.562134 14.396802
94.698227 1133.559082 14.407873
94.704430 1133.557129 14.415458
93.303612 1134.112793 17.603651
93.268265 1134.125366 17.616882
93.232155 1134.138184 17.630175
87.578239 1135.956543 10.381654
88.701225 1135.740967 18.733337
87.347542 1136.035645 10.315165
88.568161 1135.787842 18.753693
87.257942 1136.066284 10.289728
88.432320 1135.835693 18.774240
86.995399 1136.156250 10.216459
88.293564 1135.884521 18.794998
88.151695 1135.934326 18.816069
91.359535 1134.668457 11.810824
91.391289 1134.657715 11.827051
91.465637 1134.632568 11.865422
93.145721 1134.069580 12.945756
93.163963 1134.063477 12.960299
94.749748 1133.542603 14.472082
94.755608 1133.540771 14.479578
94.764633 1133.537842 14.491171
94.773109 1133.535156 14.502152
95.018562 1133.457397 14.878050
95.022377 1133.456299 14.885277
95.024284 1133.455566 14.888927
95.062508 1133.443970 14.966146
95.064171 1133.443359 14.969722
95.067696 1133.442383 14.977336
95.109360 1133.449707 16.012192
95.107140 1133.450562 16.018003
95.007851 1133.489746 16.234295
95.004791 1133.490967 16.239986
95.000839 1133.492432 16.247288
69.769043 1142.128540 8.630723
70.294228 1141.945068 8.608892
71.927338 1141.619873 20.201565
45.373486 1150.697876 11.681273
45.632999 1150.606201 11.628255
46.920311 1150.152100 11.371032
91.557747 1134.601440 11.913821
91.638084 1134.574463 11.956826
93.086334 1134.089355 12.898892
93.984116 1133.792725 13.675481
94.058556 1133.768188 13.744682
94.122337 1133.747192 13.804629
94.469833 1133.633301 14.149636
94.501549 1133.623047 14.183447
94.531113 1133.613403 14.215485
95.070023 1133.441650 14.982432
95.072807 1133.440918 14.988557
95.075699 1133.439941 14.994994
95.105621 1133.451172 16.021967
95.102707 1133.452393 16.029476
95.101791 1133.452637 16.031801
95.089790 1133.457520 16.061588
95.085617 1133.459229 16.071602
95.084198 1133.459717 16.074955
95.081345 1133.460938 16.081676
95.079384 1133.461670 16.086235
94.587769 1133.648071 16.801224
94.582962 1133.649902 16.806215
93.789185 1133.938965 17.390966
94.574348 1133.653076 16.815111
94.566429 1133.656006 16.823233
93.959778 1133.877441 17.297432
93.950638 1133.880859 17.302767
94.549782 1133.662109 16.840099
93.441689 1134.063477 17.549515
93.438080 1134.064697 17.550976
90.541794 1135.092407 18.402546
90.469078 1135.118042 18.418148
89.095932 1135.437622 10.863468
92.557198 1134.265625 12.512938
92.587372 1134.255615 12.533516
94.718094 1133.552734 14.432311
94.737228 1133.546631 14.456227
94.779404 1133.533081 14.510378
94.789703 1133.529785 14.523924
94.794052 1133.528320 14.529690
95.041069 1133.450439 14.921800
95.044815 1133.449219 14.929339
95.053360 1133.471924 16.143902
95.049011 1133.473633 16.153082
95.047241 1133.474365 16.156763
95.043709 1133.475708 16.164080
95.040993 1133.476807 16.169651
94.993690 1133.495117 16.260296
94.986412 1133.498047 16.273335
94.647919 1133.625732 16.736820
94.639717 1133.628906 16.745821
94.631866 1133.631836 16.754374
94.626991 1133.633545 16.759649
94.560745 1133.658081 16.829014
93.405434 1134.076416 17.564133
93.399155 1134.078613 17.566635
92.357056 1134.449219 17.915874
92.288750 1134.473633 17.937153
90.354782 1135.008911 11.345119
92.218025 1134.498779 17.959059
90.299751 1135.027588 11.321977
92.144966 1134.524658 17.981514
90.219566 1135.054810 11.288628
92.069672 1134.551270 18.004463
90.078590 1135.102783 11.231110
78.470779 1139.097168 8.740320
78.774643 1138.991699 8.767650
78.613068 1139.281006 19.817947
72.607285 1141.137207 8.545831
73.331482 1141.128906 20.131245
71.920296 1141.376953 8.558273
71.159309 1141.642822 8.578509
48.459888 1149.609131 11.076093
49.993313 1149.068604 10.796055
91.731171 1134.542969 12.007624
91.801216 1134.519409 12.046560
91.813156 1134.515381 12.053267
92.750061 1134.201294 12.647346
92.779465 1134.191406 12.668446
92.940041 1134.137939 12.786656
92.965576 1134.129395 12.805923
93.347107 1134.002930 13.110250
93.339211 1134.005493 13.103649
93.274208 1134.026978 13.049737
94.198730 1133.722168 13.877451
94.257736 1133.702759 13.934657
94.805496 1133.524658 14.544979
94.808571 1133.523682 14.549121
94.820564 1133.519775 14.565393
95.030052 1133.453857 14.900059
95.037529 1133.451660 14.914736
95.077843 1133.439209 14.999822
95.081192 1133.438232 15.007437
95.082802 1133.437744 15.011117
95.021492 1133.484375 16.208382
95.014732 1133.487061 16.221329
95.010544 1133.488647 16.229256
94.688950 1133.610596 16.690641
94.679649 1133.614014 16.701281
94.676888 1133.614990 16.704411
93.777016 1133.943359 17.397181
93.762428 1133.948486 17.404572
90.291183 1135.180908 18.455208
88.856750 1135.519287 10.781482
90.335915 1135.165039 18.446028
88.922318 1135.496826 10.803699
90.439575 1135.128418 18.424408
89.329651 1135.519775 18.632545
89.208496 1135.562500 18.652693
87.894615 1135.848267 10.475323
89.085190 1135.605957 18.672810
87.699036 1135.915283 10.417059
88.959618 1135.650146 18.692940
88.831665 1135.695068 18.713102
78.908974 1138.945190 8.780286
79.134766 1138.866943 8.802295
79.180168 1139.082397 19.777521
80.178993 1138.732666 19.701958
76.612099 1139.742432 8.611828
76.738792 1139.698364 8.618474
75.872047 1140.240234 19.992546
76.972672 1139.617188 8.631557
77.033661 1139.833740 19.922316
77.171089 1139.548218 8.643478
78.134155 1139.448608 19.850805
91.882324 1134.492065 12.092456
91.892349 1134.488770 12.098193
91.963104 1134.464844 12.139067
92.652061 1134.234009 12.578190
92.716095 1134.212646 12.623176
93.026291 1134.109375 12.852282
93.052574 1134.100586 12.872592
93.205490 1134.049805 12.993693
93.268173 1134.029053 13.044775
93.409943 1133.982056 13.163239
93.480553 1133.958740 13.223648
94.397987 1133.656860 14.074847
94.435524 1133.644531 14.113620
95.051910 1133.447144 14.943868
95.058136 1133.445312 14.956877
95.144943 1133.435059 15.908003
95.143341 1133.435791 15.913233
95.126770 1133.442627 15.964016
95.124069 1133.443604 15.971795
95.115768 1133.447021 15.994967
95.113007 1133.448242 16.002445
95.111496 1133.448730 16.006500
95.097878 1133.454346 16.041681
95.093880 1133.455811 16.051620
95.076630 1133.462769 16.092598
95.074493 1133.463623 16.097471
95.070992 1133.464966 16.105413
94.614090 1133.638428 16.773491
94.601013 1133.643188 16.787350
93.735260 1133.958252 17.418102
93.714989 1133.965576 17.428040
93.707672 1133.968262 17.431587
93.532539 1134.031006 17.511471
93.501610 1134.041992 17.524660
93.470131 1134.053223 17.537832
89.060799 1135.449707 10.851264
84.372437 1137.262329 19.308493
83.286903 1137.431641 9.378224
83.443115 1137.377686 9.406611
77.333206 1139.491943 8.653774
77.603798 1139.397949 8.672104
78.036858 1139.247559 8.704365
92.842163 1134.170654 12.713999
92.904205 1134.149902 12.759834
94.822960 1133.519043 14.568671
94.834969 1133.515259 14.585241
94.837204 1133.514526 14.588341
94.735550 1133.593018 16.635685
94.726219 1133.596680 16.646921
94.710838 1133.602295 16.665176
94.700844 1133.606079 16.676888
94.695312 1133.608154 16.683296
94.664665 1133.619629 16.718208
94.652275 1133.624268 16.732006
93.991066 1133.866211 17.278835
93.979729 1133.870361 17.285629
93.970940 1133.873535 17.290846
93.939751 1133.884766 17.309071
93.930153 1133.888184 17.314583
93.867516 1133.910767 17.349556
93.846230 1133.918457 17.361061
93.841515 1133.920166 17.363579
91.748840 1134.665161 18.099323
91.705254 1134.680664 18.111780
89.931061 1135.153076 11.172324
91.664436 1134.695190 18.123329
89.776077 1135.205811 11.112049
89.905952 1135.316772 18.530472
89.794357 1135.356201 18.551140
88.748390 1135.556274 10.745168
84.637497 1137.169312 19.278706
82.727325 1137.624512 9.280905
82.891518 1137.567871 9.308770
81.493477 1138.271973 19.592911
83.085381 1137.500977 9.342402
82.057625 1138.074219 19.542412
82.946144 1137.762695 19.457922
74.088188 1140.620850 8.540437
74.641518 1140.670654 20.061939
73.823929 1140.712891 8.539095
73.238091 1140.917236 8.539766
92.321999 1134.344482 12.357995
92.389328 1134.321777 12.401372
95.197716 1133.407104 15.455752
95.198044 1133.407104 15.460610
95.199966 1133.407227 15.499846
95.200134 1133.407227 15.505060
95.200356 1133.407471 15.514016
95.200447 1133.407471 15.518769
95.142113 1133.436279 15.917182
95.139664 1133.437256 15.925005
95.132042 1133.440430 15.948460
95.130005 1133.441284 15.954539
95.128098 1133.442017 15.960142
95.120056 1133.445312 15.983134
95.116577 1133.446777 15.992761
95.034615 1133.479248 16.182541
95.028114 1133.481934 16.195446
94.019386 1133.855957 17.261595
94.011009 1133.858887 17.266735
93.999596 1133.863159 17.273680
93.815544 1133.929443 17.377302
93.797577 1133.935913 17.386646
91.992264 1134.578857 18.027813
91.912880 1134.606934 18.051476
91.831680 1134.635742 18.075348
85.091667 1137.009766 19.226133
84.157471 1137.131592 9.543583
85.443245 1136.886475 19.184038
84.394592 1137.049805 9.591713
84.514023 1137.008789 9.616494
83.668404 1137.300049 9.448528
83.800484 1137.254395 9.473652
84.037270 1137.172852 9.519696
92.456001 1134.299561 12.445092
92.522011 1134.277466 12.489140
94.958145 1133.476196 14.771342
94.961891 1133.475098 14.777601
95.198586 1133.407104 15.469461
95.198875 1133.407104 15.474632
95.199066 1133.407104 15.478343
95.199486 1133.407227 15.487224
95.199837 1133.407227 15.496135
95.200516 1133.407593 15.522972
95.200615 1133.407715 15.531958
95.200638 1133.407837 15.537709
95.150360 1133.432861 15.889779
95.147690 1133.433838 15.898869
95.146927 1133.434204 15.901417
95.065239 1133.467285 16.118229
95.059364 1133.469604 16.131058
94.757896 1133.584717 16.608297
94.756554 1133.585205 16.609966
94.724144 1133.597412 16.649410
94.712570 1133.601807 16.663134
93.622253 1133.998779 17.471716
93.592842 1134.009277 17.485008
93.562950 1134.020020 17.498255
89.565819 1135.436646 18.592060
88.224823 1135.735352 10.576502
89.681007 1135.395996 18.571674
88.410522 1135.671875 10.635108
88.640724 1135.593018 10.709599
84.741310 1136.930542 9.664625
84.870125 1136.886230 9.692475
85.810555 1136.757324 19.138664
85.078247 1136.814575 9.738386
86.230659 1136.609863 19.084961
85.225731 1136.763916 9.771615
86.529015 1136.504883 19.045591
80.933311 1138.244385 9.011522
81.165085 1138.164307 9.042859
81.611404 1138.009888 9.106040
83.805420 1137.461304 19.370020
79.353180 1138.791260 8.824512
79.803589 1138.635254 8.873119
81.136559 1138.397095 19.623682
80.259651 1138.477295 8.926153
80.714531 1138.320068 8.982867
74.372978 1140.521606 8.543104
74.891335 1140.341064 8.551254
75.169739 1140.244141 8.557468
94.848770 1133.510742 14.604568
94.851303 1133.510010 14.608145
94.862022 1133.506592 14.623433
94.971992 1133.471924 14.794647
94.976852 1133.470337 14.802962
94.980927 1133.469116 14.810011
95.196259 1133.407227 15.436903
95.196762 1133.407227 15.442967
95.197433 1133.407104 15.451774
95.172974 1133.423096 15.800908
95.171951 1133.423462 15.805573
95.171028 1133.423828 15.809715
95.136223 1133.438721 15.935749
95.133156 1133.439941 15.945107
94.746803 1133.588867 16.621992
94.741463 1133.590820 16.628519
93.909470 1133.895630 17.326324
93.888596 1133.903198 17.337978
91.578506 1134.725586 18.147350
91.491081 1134.756592 18.171326
89.612495 1135.261475 11.049986
91.402206 1134.788086 18.195227
87.232773 1136.257568 18.948942
87.031227 1136.328369 18.977121
85.664795 1136.613037 9.873986
85.406113 1136.701904 9.813041
82.052856 1137.857422 9.172276
82.480759 1137.709717 9.240121
75.383591 1140.169678 8.563161
75.853294 1140.006226 8.578465
76.303261 1139.849854 8.596927
94.931938 1133.484497 14.728800
94.942245 1133.481201 14.745325
94.952232 1133.478027 14.761582
94.989639 1133.466309 14.825270
94.998138 1133.463745 14.840409
95.001038 1133.462891 14.845654
95.006424 1133.461182 14.855459
95.014496 1133.458740 14.870420
95.193871 1133.407471 15.411809
95.194366 1133.407471 15.416622
95.199966 1133.408936 15.581876
95.199806 1133.409180 15.586257
95.199440 1133.409424 15.595377
95.192307 1133.413818 15.684396
95.191216 1133.414307 15.693501
94.050400 1133.844727 17.242222
94.039093 1133.848877 17.249346
94.030792 1133.851807 17.254532
90.230774 1135.202148 18.467442
90.124100 1135.239746 18.488646
90.015846 1135.278076 18.509655
91.968979 1134.462891 12.142494
92.043251 1134.437988 12.186230
92.115326 1134.413818 12.229472
92.185371 1134.390259 12.272254
92.254028 1134.367188 12.314945
95.195229 1133.407349 15.425385
95.196030 1133.407227 15.434161
95.200645 1133.407959 15.540957
95.200607 1133.408203 15.549988
95.200508 1133.408325 15.559032
95.199188 1133.409668 15.600771
95.199005 1133.409790 15.604511
95.198502 1133.410156 15.613660
95.190262 1133.414795 15.701011
95.188828 1133.415649 15.711636
93.679649 1133.978271 17.445013
93.651184 1133.988525 17.458380
91.127174 1134.885498 18.266247
89.438866 1135.320679 10.985762
91.220215 1134.852539 18.242718
91.311905 1134.820068 18.219040
91.089371 1134.898926 18.275648
91.032814 1134.918945 18.289566
89.254562 1135.383545 10.919317
90.937172 1134.952637 18.312664
90.840279 1134.986938 18.335522
90.742111 1135.021606 18.358112
90.642624 1135.056763 18.380463
95.191406 1133.407959 15.390411
95.192459 1133.407715 15.399143
95.193443 1133.407593 15.407875
95.200340 1133.408569 15.568092
95.200111 1133.408813 15.577168
95.198135 1133.410400 15.619651
95.197929 1133.410645 15.622825
95.197289 1133.411011 15.632004
95.187683 1133.416260 15.719637
95.186172 1133.416870 15.729695
95.157906 1133.429565 15.862823
95.155464 1133.430664 15.871763
95.152946 1133.431641 15.880749
94.914696 1133.525513 16.391903
94.911888 1133.526611 16.396225
94.891945 1133.534180 16.426445
94.888206 1133.535645 16.432003
94.811035 1133.564697 16.540096
94.800720 1133.568604 16.553699
94.793617 1133.571289 16.562954
94.790245 1133.572510 16.567333
94.069862 1133.837646 17.229795
94.058716 1133.841797 17.236948
94.527573 1133.670410 16.862213
94.898849 1133.494873 14.677614
94.910263 1133.491333 14.694974
94.921280 1133.487793 14.712036
95.086525 1133.436646 15.019745
95.087692 1133.436279 15.022471
95.091698 1133.435059 15.031934
95.149155 1133.418457 15.191332
95.148125 1133.418701 15.187889
95.145050 1133.419678 15.177831
95.184830 1133.417480 15.738204
95.183266 1133.418335 15.747651
94.831230 1133.557129 16.512945
94.821205 1133.561035 16.526505
94.815384 1133.563232 16.534313
94.779617 1133.576538 16.580969
94.768837 1133.580566 16.594633
94.923233 1133.522217 16.378597
94.906013 1133.528809 16.405224
94.897186 1133.532227 16.418606
94.533020 1133.668335 16.856834
95.188423 1133.408569 15.368119
95.189110 1133.408447 15.373007
95.196571 1133.411377 15.641212
95.195793 1133.411865 15.650421
95.194939 1133.412354 15.659660
95.164787 1133.426514 15.836180
95.162567 1133.427490 15.845031
95.160271 1133.428589 15.853911
94.975182 1133.502441 16.293034
94.971451 1133.503784 16.299486
94.545212 1133.663818 16.844675
94.089165 1133.830811 17.217262
94.078247 1133.834717 17.224386
94.509888 1133.677002 16.879513
94.874763 1133.502563 14.641866
94.887032 1133.498657 14.659926
95.151070 1133.417969 15.197799
95.153893 1133.417236 15.207588
95.156601 1133.416382 15.217230
95.190292 1133.408203 15.381709
95.190956 1133.407959 15.386805
95.194016 1133.412842 15.668914
95.193016 1133.413452 15.678167
95.181709 1133.418945 15.756592
95.180092 1133.419800 15.765503
95.178406 1133.420654 15.774384
94.860382 1133.546143 16.472370
94.850815 1133.549805 16.485870
94.841095 1133.553467 16.499401
95.096718 1133.433594 15.044003
95.101585 1133.432129 15.055969
95.106300 1133.430908 15.067816
95.119598 1133.426880 15.102744
95.123703 1133.425781 15.114039
95.127640 1133.424561 15.125126
94.516144 1133.674561 16.873419
95.110878 1133.429443 15.079573
95.115311 1133.428223 15.091226
95.167343 1133.413574 15.258685
95.169487 1133.413086 15.267700
95.171547 1133.412476 15.276670
95.172699 1133.412109 15.281841
95.181366 1133.410034 15.324772
95.182228 1133.409912 15.329570
95.176659 1133.421387 15.783251
95.174850 1133.422119 15.792102
95.169022 1133.424805 15.818537
95.166939 1133.425781 15.827343
94.947975 1133.512817 16.338900
94.939873 1133.515869 16.352102
94.931625 1133.519043 16.365334
95.157715 1133.416138 15.221268
95.159203 1133.415771 15.226751
95.161690 1133.415039 15.236139
95.183739 1133.409424 15.338272
95.184586 1133.409302 15.343308
95.185188 1133.409180 15.346959
95.186562 1133.408936 15.355632
95.187866 1133.408691 15.364319
94.879082 1133.539062 16.445427
94.869804 1133.542603 16.458885
94.097694 1133.827637 17.211660
94.499161 1133.680908 16.889870
94.492157 1133.683350 16.896576
95.131416 1133.423584 15.136019
95.135040 1133.422363 15.146732
95.138519 1133.421387 15.157268
95.164070 1133.414429 15.245438
95.166359 1133.413818 15.254601
94.482063 1133.687256 16.906172
94.474380 1133.689941 16.913414
94.108330 1133.823730 17.204613
94.127350 1133.816895 17.191828
94.117043 1133.820557 17.198786
94.456558 1133.696533 16.930029
95.141853 1133.420532 15.167624
95.173523 1133.411865 15.285596
95.175423 1133.411499 15.294477
95.177238 1133.411133 15.303314
94.963760 1133.506714 16.312599
94.955940 1133.509766 16.325741
95.178978 1133.410645 15.312105
95.180641 1133.410156 15.320852
94.464859 1133.693481 16.922325
94.136299 1133.813599 17.185747
94.447533 1133.699951 16.938328
94.438690 1133.703125 16.946405
94.430107 1133.706299 16.954184
94.420776 1133.709717 16.962574
94.146248 1133.810059 17.178909
94.155457 1133.806641 17.172531
94.412560 1133.712769 16.969891
94.402817 1133.716309 16.978502
94.394905 1133.719238 16.985432
94.384811 1133.722900 16.994209
94.165031 1133.803223 17.165855
94.174515 1133.799805 17.159164
94.377144 1133.725830 17.000824
94.366768 1133.729492 17.009689
94.183701 1133.796387 17.152637
94.193474 1133.792725 17.145618
94.359268 1133.732300 17.016052
94.348671 1133.736206 17.024963
94.341286 1133.738892 17.031118
94.212326 1133.785889 17.131908
94.323189 1133.745483 17.046021
94.312355 1133.749512 17.054825
94.330536 1133.742798 17.039999
94.202271 1133.789673 17.139256
94.304985 1133.752197 17.060757
94.294128 1133.756104 17.069429
94.286674 1133.758789 17.075329
94.275856 1133.762817 17.083824
94.268250 1133.765625 17.089741
94.220757 1133.782959 17.125696
94.257538 1133.769531 17.097996
94.249718 1133.772339 17.103970
94.239174 1133.776123 17.111958
94.231071 1133.779175 17.118023
